sza620623
025200161595
wx9250380
0512201521794
njkd107218204
0514200547697
0519200479444
0516200584555
025200310754
wx9751036 雷神2黑暗世界-国语版:0.707106781187;
yza2014212296
0519200228211
025201247165
051085255678
0527200237584
025200356550
025201141098
0513200174136
0510200304261
0514200630937 :0.707106781187;
0516200794550
0523200574312
0512201521321
051256300905
0527200335257
0511200260077
0515200195927
0512201402561
0523200125449
0510200657094
0510200137799
tz84508266
czv85603007
0519200580402
wx9840072
szsq10834508
0519200546489
0513200092603
025201236135
0523200537735
0513200362418
szsq10930234
0519200910981
0515200291997
025200385560
0510200274508
0512201046720
0513200467020
0510200294530
0511200241607
025200670931
0513200071192
0514200608034
0515200319716
0516200297250
0518200587462
zjkdgsiun
0512200273106
051253870668
0523200297383
0512200787478 敢死队2【国】:0.707106781187;
njkd107429522
0514200651703 孤岛鲨魂【英】:0.707106781187;
0512201374375
0510200380803
052387384269
0511200429674
0527200301381
02552213119
0518200522487
0523200482588
0513200518836
0511200527749 哈利.波特与死亡圣器【国】（下）:0.707106781187;
0513200585429
0512200559218
yza1006888644
025200420306
0512200733779
0512200393785
0514200241080
wx9574508
0510200241692
025200325594
0514200453365
0519200346729
0511200213657
0515200051554
0513200744073 金刚:0.707106781187;
0519200733178
0512200435116
czv85199573
0516200127913
051262827363
0515200107059
052785212530
czz6759880 :0.707106781187;
0515200072091
szat40663
czz2832233
0519200787930
0516200822831
0519200169449
0513200375713
025201141993
0527200495416 非常人贩2【国】:0.707106781187;
025200461681
051085999089
051783677299
wx9559139
0511200299963
0511200281776
02552139693
025200905415
0512201481019
025201020769
051789869761
025200020437
025200955380
0511200195934
0512201186016
yca6219397
0512201504539
tz87215203
wx4397479
0513200251112 :0.707106781187;
k11100142
0510200240907
051886793328
051987309386
0515200036511
051987598999
0512201488434
szwj10951969
0510200738583
wx9972658
051381800618
0510200231592
0511200539900
02552239932
0513200645459
0518200110649
025201340235
0511200193311
051110015973
051384580048
025200649492
0514200398146
025201254106
0513200239602 点金胜手上部【国】（跟播）:0.707106781187;
0514200174741
czv8707076
051588368588
051586273088
025201131782
0510200107993
0518200318833
0514200429653
0519200388448
0511200463144
0523200249990
0519200245826
0517200593506
0510200211267
025201094120
0523200526272
ycab5211312
051086408288
0510200180320
0523200530600
czv87909820
0515200445226
wx9625090
0519200773409
0510200166700
025201064013
0514200439173
0519200442212
szzj10860648
ksam77533
0512200534591
0515200149913
0516201114819
0511200114686
0510200110479
051252180668
025200611223
051265620052
wx9809210
0527200171797
0513200483908
0512201507989
0519200653529 非常人贩2【国】:0.707106781187;
sza769049
0519200331124
0515200658183 点金胜手上部【国】（跟播）:0.707106781187;
0519200879367
0515200031527
0515200597163
0511200243089
02552766117
0515200186141
0527200491135
0514200172881
0510200193083
yca6511488
0513200144563
025200016732
0510200591114
0514200119959
051250357391
025200899573
0510200363776
025201210416
0518200325055
0510200061888
yca5232255
0512201518644
025201152117
szat33577
0511200419019
051785460467
0512200517563
0510200766225
025200824993
0516200629435
0513200033768
025200851813
ys21
0510200125027
051086231655
0510200760452
0512200506883
13372270150
0511200397675
0512201185992 敢死队2【国】:0.707106781187;
025200721257
02558195577
051483660918
0510200627855
051088799973
njkd107237869
0512201481203 孤岛鲨魂【英】:0.707106781187;
025201186352
025200075135
025200537594
0516200735208
025201021835
0519200839024
0510200504207
0511200309665
0512201501445
0514200642056
sza628413
0512201149613
0511200376643
0510200772928
025200347233
051982723853
0510200718193
0519200392823
051784621669
025201210070
czv6672928
025201300669
051083585086
0510200365904
0516200767783
0523200462541 点金胜手下部【粤】（跟播）:0.707106781187; 寒山潜龙上部【国】（跟播）:0.57735026919; 皇室风流史-原声:0.57735026919;
051085738260
0512200490494 雷神2黑暗世界-国语版:0.707106781187;
0512201512369
051710047191
0514200180360
0515200227667
0511200542763
0514200160320
02558801272
025200899737
051233001151
0523200542935
0513200485239
0517200394734
0517200567652
0512201181817
0515200219147
051253292628
0514200636248
025200853099
0515200458140
0512201372607
0512200287522
0515200203689
0510200223029
0519200665988
0517200547403 赛车总动员2【国】:0.707106781187;
0512200118992
hakd87313888
0517200361831
0512200465022
0515200254527
0510200059765
15370758386
0510200167727
051085432916
051310007007
0512200921671
025200840660
szac74169
025200960747
0511200278506
025200835962
njkd107500084
0511200463451
0514200561869 霍比特人2史矛革之战-国语版:0.707106781187;
051086402026
0519200104490
051886811879
051263971375
051788652806
0512200950554
0516200325500
02557118023
yca82505860
0523200418540
0512200747950
0512200114882
czv82360808 :0.707106781187;
02552391320
0513200704848 皇室风流史-原声:0.707106781187; 猫狗大战-原声:0.57735026919; 爱情公寓4:0.57735026919;
0514200246084
sza892140
0512201040639
0519200769389
0527200175549
0514200322976
051585108989
0527200146586
0511200469156
0512201069784
0514200361579
0515200228818
wx9146399
0511200364125
0514200337164
025200631504
025200902189
0512201182710
0516200187005
0523200470019 恐鳄大战超级食人鳄-原声:0.707106781187;
0519200668498
0514200610525
025200787364
0516200591603
02583226131
0511200304163
0510200698074
051989628912
051252474630
052386819878
02510158812
0513200093932
0513200686130 恐鳄大战超级食人鳄-原声:0.707106781187;
051580618018
0514200556101
025200084435
0523200503759
051210004680 :0.707106781187;
0510200294733
0519200273007
0527200371269
szsq10291996
02585771085
njkd107779641
0513200415886
0527200368817
0511200486607
051383290835
025200500280
051883339999
0512200880569
0512200256084
0512201177201
051489385449
0527200332138
0523200528506
051988103159
xz86212181
0515200128579
0510200613474
0511200341651
0512200186813
051262893779
0510200532317
0510200221403
tz84683196
czv82892593
051265260258
0510200117211
0514200234276
051586205055
0516201033515
02552422839
0510200029701
051386241110
czv7909226
025200980904
0512201285611
051586220820
051083223451
0512201048733
0510200126550
0511200540789
0514200320390
051582302918
0519200524945
0516200508023
025201275430
0511200247034
0523200409675
0513200637717
0518200126487
0516200880408
0515200104197
0513200682701
0512200222823
yca8357328 皇室风流史-原声:0.707106781187; 猫狗大战-原声:0.57735026919; 爱情公寓4:0.57735026919;
0514200662683
szcs10120373
0512200336884
051258995833
qda3862638
025200962550
0519200292140
0512200580848
0516200722883
ntkd88313877
0512200935849
0514200652897
0510200425325
yca4237189
0513200616999
0512201430970 点金胜手下部【国】（跟播）:0.707106781187;
051186845099
0512200715248
yca8877972
0512200836819
051088332679
sza859879
0510200030958
0523200354941
0511200545595
025200600670
0516200860314
051381908111
ntkd83438322
025201145950
0517200488560
051980196860
0511200167500
025200071524
051986704879
051981185558
ntkd87956145
0527200426466
0512201276036
051784810407
051980686999
0527200497012
sza835132
0512201107528
wx9005457
0514200372839
025200859094
052383987603
0519200533407
szac67754
0515200067505
051982308780
0527200287961
0519200260986
0519200247871
0514200252464
0514200365315
051381188895
szks10426102
0510200221876
0512201181926
0515200683826
0513200209454
025201153145
0511200488521
025200243265
025201323477
0512201069006
0513200665295 敢死队2【国】:0.707106781187;
0512201383199
0510200749894
025200671444 冰封重生之门-国语版:0.707106781187;
025200869979
0510200177550
0519200498000
051257861103
051689225127
0512201145115 皇室风流史-原声:0.707106781187;
0527200481881
052388152808
0519200412159
0510200278796
0516200855006
0512201005472
0511200242185
tz6861849
0510200419205
0511200248690
025201170495
0519200165996
0517200121104
0512200424038
051085586494
0510200336858
wx9645278
0512201391263
0512200575387
0514200203015
0518200494463
0517200497411
0519200864951 皇室风流史-原声:0.408248290464; 寒山潜龙上部【国】（跟播）:0.408248290464;
yza3008259159
051681611333
0527200244500
0510200359529
szks10915150
yca5288615
02557303038
0510200291767
0516200800838
0511200464492
051086325628
0512200271875
0527200452915
025201285555
025201320113
025200421435
025201215579
0512201151990
0511200148788
025200677551
0510200338742
0510200264653
0512201394556
025200511195
yca8308884
051087991616
0514200133081
051788214119
0512201416827
0514200236615
025200880004
wx10284343
0510200675079
0512200093738
0513200255745
13382822269
0518200264788
0519200154942
0519200127239
051588403486
ntkd82722939
0517200454582
051186908557
0513200661645
051253788568
0512201360244
025201197361
0514200129418
0515200323607
0519200454715
051982893110 雷神2黑暗世界-国语版:0.707106781187;
0512200224716
0511200205368
025200396346
025200378559
njkd107238850
0512201009459
02587771188
051088726601
025201260825
0513200343610 点金胜手下部【国】（跟播）:0.707106781187;
yca4192366
025201235924
0519200330692
0519200368672
0523200611536
051885814592
0510200647309
0519200270631
025200593044
025200256634
051081008037
0515200128714
0511200395973
0511200146347
0513200068420
025200526126
0514200388946
0517200197386
0518200307526
0510200165566
0513200361575
0523200582892
0513200375429
czz8770112
025200994016
0510200036763
0518200242213
sza852822
0513200684294
0510200241048 雷神2黑暗世界-国语版:0.707106781187;
051253638666
051988832933 冰封重生之门-国语版:0.707106781187;
0519200723826
0516200172547
0512200352905
0513200362382
051586275233
0510200004192
051251910008
051382269322
0511200556832
0519200725658
0510200675890
025200671181
051086623922
tz88661131
0514200687205
0512200569730
025200061367
nta3541984
szks10196980
051086227582
0512201211992
0517200486118
0511200188102
njkd107219023
yca8391155
025200918165
02557309899
0523200590709
051088766720
0512200907995
0510200714482
0523200653185
0512200048915
0519200851883
0523200608951
0512201110505
0519200182399
025200882316 皇室风流史-原声:0.707106781187;
025201306609
0517200527010
0523200200610
wx10280912
025200779891
051085451860
szks10613632
b00417485
0510200509811
18994981586
0518200128951
0512200553314
0512200186702
czv5563163
0527200197697
0513200649077
0514200683536
0512200873141
0519200720811 点金胜手下部【粤】（跟播）:0.707106781187; 寒山潜龙上部【国】（跟播）:0.57735026919; 皇室风流史-原声:0.57735026919;
0511200544167
0518200346990
0523200480666
051410161025
0512200075585
0510200768428
0512201432224
025200711984
0510200150622
0523200259964
0527200478604
0516200519660
0518200184395
025200495546
0513200716625
025200875291
051487774159
0519200569948
0515200716682 水性杨花-原声:0.707106781187;
0512200147630
0523200374810
0510200104997
njkd107883028
025200527117
025201177589
051083559462
051987935759
0512200988138
051082432223
0527200423078 哈利.波特与死亡圣器【国】（下）:0.707106781187;
0512200948562
0512200211565
0512200653995
0510200506076
051258433218
0512200278643
0512200425154
0519200255447
0512200872012
0515200709229
0517200618526
025200666506
0519200888122
025200066996
0519200554901
0516201062028
0511200202552
051687798561
051086562607
025200176617
025200708226
02586429594
0512200270226 玩尽杀绝4[英]:0.707106781187;
0519200578473
0514200376870
0518200282042
0523200492141
0511200406892
tz7613308
0510200282198
0523200144112
szac49830
025201247114
0515200070041
0512201438288
0512201434260
0512200014676
051385792695
0510200468422
czz2328989
0516201029178
051383436933
0512200282434
0523200681432
wx9673126
0510200714148
0516200477659
0512200254023
025200523145
0523200455773
0513200632927
051257808456
0515200356923
xh3291799
szac43750
0515200714686
0510200756028
025200670787
0514200633255
025200264110
0519200655291
0511200289814
025200499952
0512201151180
0523200150321
0519200472361
0513200601291
025201244204
0512200628728
052383986298
0518200318940
051483430919
0510200699478
czv3276941
0519200883395
0513200096430
0510200649120
0517200603275
0510200571475
051081621685
025201182328
051257008834
025201324489
051250325870
051983445080
0510200654736
0510200324540
0510200467268
0512201364600
0514200389818
0512201501115
0518200614857
szat13785
0515200575940 水性杨花-原声:0.707106781187;
0512200101528
0517200163653
0514200266896
0516200997938
0523200616147
0519200428046
0510200641276
0513200682446
sztc10843571
czv8553012
0512200039139
025201306589
wx4195105
0513200014381
051086634309
13382870260
052782868225
02558719345
025200495990
0527200156486
0516200505300
0513200378153
051257690300
051584288072
0513200613831
0511200153802
0519200521114
0510200615712
0523200349220
025201061771
0519200718699 点金胜手下部【粤】（跟播）:0.707106781187; 寒山潜龙上部【国】（跟播）:0.57735026919; 皇室风流史-原声:0.57735026919;
wx9693603 敢死队2【国】:0.707106781187;
0515200705505
0514200159797
0510200335906
02558356446
0512200947379
0527200452864
0516200480594
0512200657588
051587789626
yca5232221
02552459868
0514200415698
051185721900
051265412181
0512200923288
0512201278640
b00330006
0510200406173
025201169485
wx10221991
0523200277271
0512200713330
0510200626965
051583928595
0527200379404
0515200185376
0519200322270
0513200451993
051083507118
yca3528272
czz8121756
0517200276942
0519200697017
0514200442948
0518200297965
